Verwenden Sie den Mergesort-Algorithmus, um die folgenden Zahlen-Arrays zu sortieren. Teilen
Sie die Arrays in-place auf. Dokumentieren Sie dabei die rekursiven Aufrufe mit dem Aufteilen und
Zusammensetzen des Feldes. Sie können sich an der unten angegebenen Darstellung orientieren.
Es ist nicht erforderlich (aber erlaubt), die Ausgabe durch eine Implementierung automatisiert
zu erzeugen.

a) [ 23, 14, 53, 69, 42, 78, 44, 38, 39 ]

[ 23, 14, 53, 69, 42, 78, 44, 38, 39 ]
[ 23, 14, 53, 69 ] [ 42, 78, 44, 38, 39 ]
[ 23, 14 ] [ 53, 69 ] [ 42, 78 ] [ 44, 38, 39 ]
[ 23 ] [ 14 ] [ 53 ] [ 69 ] [ 42 ] [ 78 ] [ 44] [ 38, 39 ]
[ 23 ] [ 14 ] [ 53 ] [ 69 ] [ 42 ] [ 78 ] [ 44] [ 38 ] [ 39 ]
[ 14, 23 ] [ 53, 69 ] [ 42, 78 ] [ 44 ] [ 38, 39 ]
[ 14, 23, 53, 69 ] [ 42, 78 ] [ 38, 39, 44 ]
[ 14, 23, 53, 69 ] [ 38, 39, 42, 44, 78 ]
[ 14, 23, 38, 39, 42, 44, 53, 69, 78 ]



b) [ 22, 10, 15, 18, 35, 29, 30, 37, 23 ]

[ 22, 10, 15, 18, 35, 29, 30, 37, 23 ]
[ 22, 10, 15, 18 ] [ 35, 29, 30, 37, 23 ]
[ 22, 10 ] [ 15, 18 ] [ 35, 29 ] [ 30, 37, 23 ]
[ 22 ] [ 10 ] [ 15 ] [ 18 ] [ 35 ] [ 29 ] [ 30 ] [ 37, 23 ]
[ 22 ] [ 10 ] [ 15 ] [ 18 ] [ 35 ] [ 29 ] [ 30 ] [ 37 ] [ 23 ]
[ 10, 22 ] [ 15, 18 ] [ 29, 35 ] [ 30 ] [ 23, 37 ]
[ 10, 15, 18, 22 ] [ 29, 35 ] [ 23, 30, 37 ]
[ 10, 15, 18, 22 ] [ 23, 29, 30, 35, 37 ]
[ 10, 15, 18, 22, 23, 29, 30, 35, 37 ]


c) [ 1, 2, 3, 4, 5, 6, 7, 8, 9 ]

[ 1, 2, 3, 4, 5, 6, 7, 8, 9 ]
[ 1, 2, 3, 4 ] [ 5, 6, 7, 8, 9 ]
[ 1, 2 ] [ 3, 4 ] [ 5, 6 ] [ 7, 8, 9 ]
[ 1 ] [ 2 ] [ 3 ] [ 4 ] [ 5 ] [ 6 ] [ 7 ] [ 8, 9 ]
[ 1 ] [ 2 ] [ 3 ] [ 4 ] [ 5 ] [ 6 ] [ 7 ] [ 8 ] [ 9 ]
[ 1, 2 ] [ 3, 4 ] [ 5, 6 ] [ 7 ] [ 8, 9 ]
[ 1, 2, 3, 4 ] [ 5, 6 ] [ 7, 8, 9 ]
[ 1, 2, 3, 4 ] [ 5, 6, 7, 8, 9 ]
[ 1, 2, 3, 4, 5, 6, 7, 8, 9 ]